6
86163.9
86163.9
86163.9
6018.12
6018.12
6018.12
1 2 1
0 86400 86400
1 3 1
0 86400 86400
2 3 1
0 86400 86400
4 5 1
0 86400 86400
5 6 1
0 86400 86400
1 4 12
0 12779.8 12779.8
14305.4 18451.1 4145.73
20675.2 24410.9 3735.66
26793.5 30450.2 3656.68
32834.1 36566.2 3732.04
38796.2 42923.5 4127.23
44482.5 57766.6 13284.1
59688.5 63607.4 3918.9
65914.4 69601.8 3687.45
71999.4 75664.6 3665.23
78016.4 81827.7 3811.3
83927.8 86400 2472.19
1 5 12
0 12158.5 12158.5
13436.2 17716.2 4280.08
19901.1 23660.6 3759.5
26033.8 29691.8 3657.95
32082.5 35795.3 3712.77
38057.8 42091.6 4033.88
43816.4 57067.4 13251
58884 62864.9 3980.93
65147.2 68848.5 3701.22
71242.7 74902.9 3660.18
77268.2 81047.2 3779.06
83200.1 86400 3199.94
1 6 12
0 11621.3 11621.3
12493.3 16985.2 4491.93
19123.5 22911.4 3787.96
25273 28934.4 3661.43
31329.9 35026.7 3696.86
37316.7 41278 3961.25
43128.2 56384.8 13256.6
58065.7 62124.6 4058.83
64378 68096.1 3718.08
70485.1 74142.4 3657.36
76518.7 80270.7 3752.04
82467.8 86400 3932.19
2 4 12
0 3404.17 3404.17
5590.78 9349.19 3758.41
11722.9 15380.7 3657.86
17771.2 21484.7 3713.5
23746 27783.3 4037.33
29502 42753.7 13251.6
44575.1 48553.2 3978.05
50836.7 54537.2 3700.57
56931.7 60592 3660.34
62956.8 66737.1 3780.3
68887.9 73313.6 4425.76
74313.9 86400 12086.1
2 5 12
0 2672.96 2672.96
4813.36 8600.02 3786.66
10962.1 14623.3 3661.23
17018.6 20716.1 3697.46
23005 26969 3963.98
28814.6 42070.2 13255.6
43757.6 47812.8 4055.15
50067.5 53784.9 3717.3
56174.1 59831.5 3657.43
62207.3 65960.4 3753.08
68155.8 72397.1 4241.34
73747.2 86400 12652.8
2 6 12
0 1946.51 1946.51
4031.76 7852.15 3820.39
10200.1 13866.9 3666.87
16265.1 19949.5 3684.42
22262 26167.2 3905.19
28112.1 41411.5 13299.4
42919.7 47075 4155.32
49296 53033.5 3737.51
55415.4 59072.1 3656.71
61456.7 65187 3730.29
67420 71538.4 4118.34
73113.4 86393.1 13279.7
3 4 12
0 312.274 312.274
2707.42 6405.48 3698.07
8693.35 12660.1 3966.74
14500.9 27755.6 13254.7
29449.4 33500.9 4051.52
35757 39473.6 3716.53
41863.1 45520.6 3657.51
47896 51650.1 3754.12
53843.7 58091.3 4247.51
59429.8 72790.1 13360.3
74793.2 78663.5 3870.33
80990.4 84667.3 3676.88
3 5 12
1953.87 5638.78 3684.91
7950.36 11857.8 3907.42
13799 27095.6 13296.6
28612.5 32763 4150.49
34985.6 38722.2 3736.58
41104.4 44761.1 3656.69
47145.4 50876.6 3731.17
53108.1 57230.9 4122.76
58798 72079.9 13281.9
73997.8 77919.1 3921.26
80225 83913 3687.97
86310.5 86400 89.5058
3 6 12
1199.35 4873.84 3674.48
7205.5 11064.5 3858.96
13086.3 26476.6 13390.3
27741.4 32028.3 4286.93
34211.3 37971.9 3760.6
40344.7 44002.8 3658.06
46393.8 50105.8 3712.04
52369.5 56400 4030.46
58130.7 71381.3 13250.5
73192.8 77176.6 3983.85
79457.8 83159.7 3701.86
85553.8 86400 846.202
1 7 1
0 86400 86400
2 8 1
0 86400 86400
4 7 6
507.707 1306.66 798.953
34988.7 35561.7 573.02
40808.1 41714.3 906.19
47019.5 47659.2 639.743
78829.3 79628.2 798.841
84840.6 85714.9 874.24
4 8 6
391.79 1236.23 844.444
6426.4 7287.11 860.707
41170.2 41637.2 467.012
46924.1 47818.2 894.095
53044.8 53823.3 778.482
84777.9 85526.7 748.771
4 9 6
557.478 1447.28 889.8
6868.81 7074.51 205.709
40757 41607.3 850.367
46813.5 47627.7 814.17
79033.9 79530.9 497.003
84910.7 85816 905.242
5 7 6
0 578.305 578.305
34308.7 34759.2 450.49
40058.5 40957.5 898.994
46215.6 46932.4 716.8
78092.8 78839.1 746.233
84080 84973 893.011
5 8 7
0 456.146 456.146
5664.98 6548.01 883.029
11882.6 12247.8 365.133
40513.7 40816.9 303.182
46181.5 47058.2 876.738
52260.2 53081.2 821.027
84042.7 84729.6 686.916
5 9 6
0 701.014 701.014
6010.44 6451.54 441.099
40026.8 40839.5 812.639
46035.1 46887.3 852.237
78363.4 78666.8 303.432
84159.1 85057.1 897.997
6 7 5
33669.1 33919.9 250.776
39314.1 40198.1 883.98
45422.4 46198.5 776.095
77362.4 78040.5 678.108
83322 84225.8 903.811
6 8 5
4905.71 5803.86 898.154
11073.3 11579 505.759
45444.1 46296.1 852.017
51482.1 52336.1 853.97
83314.1 83922.1 608.005
6 9 4
5201.65 5775.49 573.84
39304.2 40066.9 762.732
45263.6 46142.9 879.299
83410.6 84292.4 881.796
